n;run_1;run_2;run_3;run_4;run_5;run_6;run_7;run_8;run_9;run_10;run_11;run_12;run_13;run_14;run_15;run_16;run_17;run_18;run_19;run_20;run_21;run_22;run_23;run_24;run_25;run_26;run_27;run_28;run_29;run_30;run_31;run_32;run_33;run_34;run_35;run_36;run_37;run_38;run_39;run_40;run_41;run_42;run_43;run_44;run_45;run_46;run_47;run_48;run_49;run_50;average
50;3.12;2.88;3.28;3.28;2.64;3.28;3.12;2.8;3.12;2.88;3.28;3.28;2.8;2.88;3.2;3.04;3.04;3.36;3.36;2.88;3.2;3.12;3.12;3.12;3.04;3.28;3.04;3.36;3.36;3.52;3.04;2.64;2.96;3.12;3.28;3.12;2.88;3.2;2.72;2.72;3.12;3.28;3.12;2.96;3.36;2.72;3.28;3.12;3.12;2.88;3.086400000000001
100;3.24;3.36;3.32;3.24;3.4;3.04;3.12;3.36;2.92;3.08;3.04;3.4;2.8;3.0;3.28;3.28;3.6;3.44;3.16;3.08;2.92;3.16;2.84;3.24;3.12;2.92;2.92;3.08;2.88;3.12;3.04;3.12;3.12;2.92;3.4;3.52;3.24;3.08;3.24;3.16;3.48;3.24;3.4;2.76;3.4;3.08;3.04;3.0;3.12;3.08;3.1560000000000006
150;3.1733333333333333;3.12;3.013333333333333;2.933333333333333;3.28;3.0933333333333333;3.3866666666666667;3.3866666666666667;3.12;2.933333333333333;3.1466666666666665;3.3066666666666666;3.2;3.28;3.013333333333333;3.0933333333333333;3.066666666666667;3.1733333333333333;2.986666666666667;3.0933333333333333;2.986666666666667;2.96;3.2266666666666666;3.066666666666667;3.1733333333333333;3.12;3.3066666666666666;2.96;3.12;2.8266666666666667;3.2;3.04;3.3866666666666667;3.0933333333333333;3.1733333333333333;3.2;3.1733333333333333;3.2266666666666666;3.2266666666666666;2.88;3.0933333333333333;3.44;3.2266666666666666;3.066666666666667;2.9066666666666667;3.28;3.2266666666666666;3.1733333333333333;3.36;3.12;3.1408000000000005
200;3.18;3.36;3.12;2.82;3.12;3.04;3.1;3.16;3.12;3.06;3.04;3.2;3.22;2.96;3.14;2.98;3.32;3.18;3.3;3.3;3.08;3.02;3.18;3.22;3.24;3.32;3.16;3.4;3.04;3.24;3.3;3.04;3.24;3.4;3.3;3.04;3.18;3.0;3.34;3.04;2.96;3.3;2.94;3.26;3.26;3.12;3.12;2.96;3.22;2.92;3.1512000000000002
250;3.296;3.216;3.136;3.184;3.328;3.2;3.056;3.12;3.152;3.072;3.056;3.344;2.976;3.36;3.184;3.136;3.04;3.104;3.2;3.2;3.04;3.072;3.056;3.312;2.992;3.12;3.072;3.056;3.136;3.072;3.2;2.848;3.04;3.2;3.264;3.312;3.28;3.344;2.96;3.184;3.232;3.248;3.088;3.312;3.264;3.168;3.312;3.056;3.216;3.248;3.161280000000001
300;3.2266666666666666;3.0933333333333333;3.1866666666666665;2.986666666666667;3.1466666666666665;3.2533333333333334;2.986666666666667;3.28;3.04;3.1733333333333333;3.2;3.1333333333333333;3.12;3.28;3.0;3.2533333333333334;2.986666666666667;3.0933333333333333;3.1333333333333333;3.066666666666667;3.12;3.1733333333333333;3.2266666666666666;3.2933333333333334;3.0533333333333332;3.3066666666666666;3.2;3.1066666666666665;2.986666666666667;2.986666666666667;3.2533333333333334;3.12;3.12;3.0533333333333332;3.1066666666666665;3.16;3.0533333333333332;3.2533333333333334;3.2666666666666666;3.0933333333333333;3.066666666666667;3.1066666666666665;3.32;3.1466666666666665;3.1333333333333333;3.4;2.986666666666667;3.32;3.2133333333333334;3.2266666666666666;3.149866666666666
350;3.2342857142857144;3.04;3.1085714285714285;3.177142857142857;3.097142857142857;2.994285714285714;3.04;3.0742857142857143;3.1885714285714286;3.1314285714285712;3.222857142857143;2.994285714285714;3.222857142857143;3.097142857142857;3.0171428571428573;2.9371428571428573;3.1542857142857144;3.2;3.0628571428571427;3.142857142857143;3.2114285714285713;3.177142857142857;3.085714285714286;3.3142857142857145;3.177142857142857;3.2114285714285713;3.257142857142857;3.1885714285714286;3.177142857142857;2.9714285714285715;3.0742857142857143;3.3257142857142856;3.12;3.12;3.1542857142857144;3.1885714285714286;3.0742857142857143;3.085714285714286;3.2914285714285714;3.085714285714286;2.9714285714285715;3.0742857142857143;3.0628571428571427;3.085714285714286;3.222857142857143;3.1314285714285712;3.177142857142857;3.142857142857143;3.177142857142857;2.9714285714285715;3.1289142857142855
400;3.32;3.11;3.05;2.97;3.07;3.23;3.34;3.1;3.06;3.21;3.02;3.09;3.06;3.05;3.24;3.26;3.07;3.19;3.12;3.23;3.03;3.23;3.01;3.15;3.07;3.05;3.12;3.22;3.18;2.96;3.12;3.36;3.16;3.23;3.18;3.16;3.07;3.12;3.15;3.16;3.15;3.09;3.08;3.16;3.1;3.13;3.14;3.16;3.11;2.96;3.1320000000000006
450;3.2444444444444445;3.2;3.2266666666666666;3.2266666666666666;3.2444444444444445;3.066666666666667;3.031111111111111;3.0933333333333333;3.2;3.057777777777778;3.2622222222222224;3.111111111111111;3.12;3.1555555555555554;3.2355555555555555;3.057777777777778;3.1911111111111112;3.111111111111111;3.0844444444444443;3.2;3.0044444444444443;3.2444444444444445;3.1644444444444444;3.0755555555555554;3.1466666666666665;3.2;3.066666666666667;3.137777777777778;3.1822222222222223;3.2622222222222224;3.128888888888889;3.111111111111111;3.0844444444444443;3.1644444444444444;3.12;3.1555555555555554;3.1466666666666665;3.0844444444444443;2.96;3.111111111111111;3.1822222222222223;3.1644444444444444;3.0933333333333333;3.1822222222222223;3.2088888888888887;3.137777777777778;3.031111111111111;3.013333333333333;3.022222222222222;2.968888888888889;3.133511111111111
500;3.168;3.048;3.176;3.008;3.272;3.208;3.264;3.016;3.184;3.104;3.04;3.04;3.208;3.224;3.024;3.2;3.08;3.216;3.216;3.272;3.072;3.224;3.152;3.088;3.048;3.248;3.328;3.176;3.192;3.176;3.088;3.032;3.152;3.104;3.12;3.224;3.2;3.16;3.208;3.08;3.152;3.072;3.216;3.16;3.24;3.216;2.928;3.112;3.144;3.064;3.1468800000000003
550;3.149090909090909;3.0836363636363635;3.2218181818181817;3.112727272727273;3.112727272727273;3.1854545454545455;3.3236363636363637;3.1418181818181816;3.076363636363636;3.12;3.1272727272727274;3.272727272727273;3.1563636363636363;3.1854545454545455;3.149090909090909;3.178181818181818;3.112727272727273;3.229090909090909;3.0254545454545454;3.1636363636363636;3.1418181818181816;3.178181818181818;3.229090909090909;3.250909090909091;3.12;3.207272727272727;3.2436363636363637;3.1418181818181816;3.192727272727273;3.090909090909091;3.1345454545454547;3.149090909090909;3.061818181818182;3.2436363636363637;3.12;3.076363636363636;3.1418181818181816;3.098181818181818;3.12;3.207272727272727;3.112727272727273;3.112727272727273;3.272727272727273;3.069090909090909;3.098181818181818;3.192727272727273;3.178181818181818;3.178181818181818;3.076363636363636;3.2;3.1553454545454547
600;3.1133333333333333;3.12;3.0533333333333332;3.1133333333333333;3.24;3.1933333333333334;3.2466666666666666;3.26;3.2133333333333334;3.046666666666667;3.1866666666666665;3.1466666666666665;3.1133333333333333;2.966666666666667;3.2;3.1666666666666665;3.1333333333333333;3.06;3.06;3.1733333333333333;3.026666666666667;3.2333333333333334;3.0933333333333333;3.1066666666666665;3.1733333333333333;3.1733333333333333;3.1266666666666665;3.2066666666666666;3.1333333333333333;3.2;3.1466666666666665;3.2333333333333334;3.1933333333333334;3.1533333333333333;3.08;3.22;3.2066666666666666;3.2733333333333334;3.18;3.1133333333333333;3.14;3.033333333333333;3.1266666666666665;3.22;3.2066666666666666;3.1333333333333333;3.1;3.1333333333333333;3.0533333333333332;3.1066666666666665;3.1466666666666665
650;3.1384615384615384;3.193846153846154;3.1323076923076925;3.1384615384615384;3.193846153846154;3.236923076923077;3.1507692307692308;3.1507692307692308;3.083076923076923;3.169230769230769;3.046153846153846;3.0953846153846154;3.2;3.1323076923076925;3.230769230769231;3.1815384615384614;3.1384615384615384;3.169230769230769;3.0892307692307694;3.28;3.212307692307692;3.144615384615385;3.144615384615385;3.0276923076923077;3.0707692307692307;3.0338461538461536;3.12;2.9846153846153847;3.1323076923076925;3.2246153846153844;3.12;3.1384615384615384;3.04;3.230769230769231;3.206153846153846;3.1569230769230767;3.193846153846154;3.1507692307692308;3.144615384615385;3.212307692307692;2.9661538461538464;3.169230769230769;3.1323076923076925;3.2553846153846155;3.1076923076923078;3.1138461538461537;3.1507692307692308;3.230769230769231;3.2;3.187692307692308;3.1470769230769235
700;3.1885714285714286;3.0685714285714285;3.1314285714285712;3.0914285714285716;3.2057142857142855;3.085714285714286;3.097142857142857;3.182857142857143;3.182857142857143;3.0628571428571427;3.137142857142857;3.1142857142857143;3.24;3.2514285714285713;3.1485714285714286;3.217142857142857;3.1085714285714285;3.1542857142857144;3.125714285714286;3.085714285714286;3.262857142857143;3.12;3.177142857142857;3.0685714285714285;3.1085714285714285;3.125714285714286;3.1485714285714286;3.1714285714285713;3.2457142857142856;3.1485714285714286;3.1885714285714286;3.0342857142857143;3.182857142857143;3.1885714285714286;3.08;3.085714285714286;3.142857142857143;3.125714285714286;3.1142857142857143;3.257142857142857;3.177142857142857;3.2514285714285713;3.165714285714286;3.182857142857143;3.0628571428571427;3.097142857142857;3.1542857142857144;3.1142857142857143;3.2114285714285713;3.1142857142857143;3.147771428571429
750;3.168;3.152;3.2106666666666666;3.184;3.1786666666666665;3.1253333333333333;3.1786666666666665;3.2213333333333334;3.072;3.034666666666667;3.1786666666666665;3.0933333333333333;3.1253333333333333;3.0613333333333332;3.168;3.1786666666666665;3.1733333333333333;3.056;3.056;3.1413333333333333;3.0773333333333333;3.1626666666666665;3.1733333333333333;3.104;3.104;3.136;3.1466666666666665;3.0613333333333332;3.066666666666667;3.1413333333333333;3.1893333333333334;3.0986666666666665;3.2106666666666666;3.1413333333333333;3.2106666666666666;3.1733333333333333;3.1466666666666665;3.1413333333333333;3.072;3.050666666666667;3.0773333333333333;3.184;3.2053333333333334;3.088;3.0453333333333332;2.992;3.056;3.184;3.072;3.066666666666667;3.1267199999999997
800;3.085;3.08;3.05;3.22;3.18;3.13;3.055;3.115;3.145;3.17;3.095;3.085;3.025;3.105;3.14;3.135;3.125;3.07;3.245;3.12;3.14;3.175;3.105;3.07;3.17;3.13;3.125;3.08;3.06;3.17;3.17;2.98;3.065;3.05;3.14;3.24;3.06;3.185;3.12;3.175;3.145;3.185;3.155;3.185;3.155;3.17;3.115;3.285;3.16;3.14;3.129599999999999
850;3.1152941176470588;3.0588235294117645;3.1576470588235295;3.143529411764706;2.988235294117647;3.0823529411764707;3.2;3.063529411764706;3.0776470588235294;3.101176470588235;3.195294117647059;3.1576470588235295;3.223529411764706;3.0964705882352943;3.1576470588235295;3.2141176470588237;3.1905882352941175;3.1482352941176472;3.1576470588235295;3.124705882352941;3.0964705882352943;3.2376470588235295;3.2094117647058824;3.1670588235294117;3.1858823529411766;3.2188235294117646;3.195294117647059;3.12;3.1058823529411765;3.171764705882353;3.1858823529411766;3.256470588235294;3.1905882352941175;3.223529411764706;3.12;3.195294117647059;3.1388235294117646;3.0870588235294116;3.143529411764706;3.0776470588235294;3.0964705882352943;3.251764705882353;3.1905882352941175;3.2658823529411767;3.0352941176470587;3.1105882352941174;3.0964705882352943;3.195294117647059;3.1294117647058823;3.0541176470588236;3.1481411764705887
900;3.1244444444444444;3.1466666666666665;3.1333333333333333;3.1555555555555554;3.0755555555555554;3.1911111111111112;3.0933333333333333;3.0755555555555554;3.111111111111111;3.1466666666666665;3.066666666666667;3.24;3.137777777777778;3.062222222222222;3.1822222222222223;3.017777777777778;3.1644444444444444;3.08;3.128888888888889;3.097777777777778;3.2177777777777776;3.1155555555555554;3.0844444444444443;3.2133333333333334;3.1244444444444444;3.137777777777778;3.2444444444444445;3.128888888888889;3.151111111111111;3.0533333333333332;3.1333333333333333;3.1955555555555555;3.1644444444444444;3.04;3.1422222222222222;3.2888888888888888;3.16;3.151111111111111;3.16;3.1155555555555554;3.1333333333333333;3.1333333333333333;3.1555555555555554;3.2088888888888887;3.1155555555555554;3.1333333333333333;3.2;3.1333333333333333;3.137777777777778;3.1733333333333333;3.139555555555555
950;3.0736842105263156;3.166315789473684;3.12;3.1873684210526316;3.031578947368421;3.111578947368421;3.1452631578947368;3.1789473684210527;3.2;3.1578947368421053;3.12;3.094736842105263;3.0610526315789475;3.0526315789473686;3.1957894736842105;3.174736842105263;3.1410526315789475;3.086315789473684;3.0189473684210526;3.305263157894737;3.0652631578947367;3.1494736842105264;3.1242105263157893;3.174736842105263;3.1536842105263156;3.191578947368421;3.0778947368421052;3.2126315789473683;3.094736842105263;3.170526315789474;3.1410526315789475;3.166315789473684;3.04;3.0778947368421052;3.0989473684210527;3.174736842105263;3.128421052631579;3.128421052631579;3.0357894736842104;3.1621052631578945;3.1621052631578945;3.128421052631579;3.12;3.0989473684210527;3.2126315789473683;3.1452631578947368;3.0526315789473686;3.174736842105263;3.0778947368421052;3.1494736842105264;3.1302736842105263
1000;3.128;3.096;3.16;3.168;3.132;3.096;3.168;3.14;3.164;3.012;3.12;3.228;3.14;3.136;3.164;3.228;3.184;3.176;3.144;3.18;3.152;3.136;3.152;3.06;3.172;3.168;3.124;3.056;3.112;3.116;3.104;3.24;3.152;3.236;3.08;3.088;3.144;3.136;3.068;3.108;3.116;3.128;3.132;3.104;3.092;3.096;3.212;3.068;3.012;3.108;3.132720000000001
1050;3.1466666666666665;3.1123809523809522;3.184761904761905;3.1885714285714286;3.066666666666667;3.222857142857143;3.2266666666666666;3.0285714285714285;3.0628571428571427;3.2495238095238097;3.1504761904761907;3.104761904761905;3.158095238095238;3.1276190476190475;3.158095238095238;3.139047619047619;3.1733333333333333;3.142857142857143;3.1619047619047618;3.1504761904761907;3.2152380952380955;3.123809523809524;3.1504761904761907;3.158095238095238;3.158095238095238;3.1314285714285712;3.0933333333333333;3.1923809523809523;3.1466666666666665;3.2152380952380955;3.142857142857143;3.123809523809524;3.1123809523809522;3.0933333333333333;3.0819047619047617;3.1085714285714285;3.142857142857143;3.0704761904761906;3.1466666666666665;3.2304761904761903;3.1085714285714285;3.1923809523809523;3.165714285714286;3.2723809523809524;3.1733333333333333;3.104761904761905;3.0285714285714285;3.104761904761905;3.1161904761904764;3.0933333333333333;3.143085714285715
1100;3.189090909090909;3.2254545454545456;3.1745454545454543;3.2836363636363637;3.1418181818181816;3.152727272727273;3.1418181818181816;3.1636363636363636;3.12;3.1418181818181816;3.036363636363636;3.1563636363636363;3.232727272727273;3.1272727272727274;3.1163636363636362;3.1818181818181817;3.2254545454545456;3.1236363636363635;3.2363636363636363;3.2254545454545456;3.2581818181818183;3.1745454545454543;3.12;3.130909090909091;3.1054545454545455;3.1636363636363636;3.0836363636363635;3.138181818181818;3.2036363636363636;3.1636363636363636;3.229090909090909;3.178181818181818;3.170909090909091;3.1636363636363636;3.1272727272727274;3.1272727272727274;3.1745454545454543;3.1054545454545455;3.130909090909091;3.178181818181818;3.1418181818181816;3.2363636363636363;3.1236363636363635;3.2;3.2581818181818183;3.069090909090909;3.1418181818181816;3.178181818181818;3.1854545454545455;3.130909090909091;3.1637818181818176
1150;3.151304347826087;3.259130434782609;3.1130434782608694;3.123478260869565;3.248695652173913;3.1443478260869564;3.1652173913043478;3.186086956521739;3.161739130434783;3.1582608695652175;3.1756521739130434;3.1478260869565218;3.203478260869565;3.1269565217391304;3.1165217391304347;3.130434782608696;3.151304347826087;3.1756521739130434;3.1443478260869564;3.1165217391304347;3.1478260869565218;3.1339130434782607;3.213913043478261;3.172173913043478;3.1582608695652175;3.12;3.130434782608696;3.168695652173913;3.106086956521739;3.1339130434782607;3.130434782608696;3.1478260869565218;3.1582608695652175;3.154782608695652;3.1165217391304347;3.210434782608696;3.168695652173913;3.130434782608696;3.12;3.220869565217391;3.0782608695652174;3.172173913043478;3.2;3.130434782608696;3.151304347826087;3.0504347826086957;3.0921739130434784;3.0956521739130434;3.168695652173913;3.074782608695652;3.149147826086956
1200;3.1166666666666667;3.1433333333333335;3.0866666666666664;3.0033333333333334;3.17;3.1133333333333333;3.183333333333333;3.1266666666666665;3.14;3.1866666666666665;3.1333333333333333;3.14;3.1366666666666667;3.1233333333333335;3.15;3.22;3.13;3.11;3.17;3.0566666666666666;3.183333333333333;3.1166666666666667;3.1233333333333335;3.1133333333333333;3.0933333333333333;3.1366666666666667;3.16;3.14;3.1;3.2466666666666666;3.1433333333333335;3.14;3.1033333333333335;3.17;3.18;3.0433333333333334;3.1766666666666667;3.1333333333333333;3.1433333333333335;3.1;3.1433333333333335;3.16;3.02;3.15;3.09;3.18;3.1466666666666665;3.1633333333333336;3.23;3.1266666666666665;3.1359333333333335
1250;3.12;3.184;3.088;3.1136;3.2192;3.1264;3.184;3.1424;3.0144;3.152;3.1328;3.2032;3.1488;3.2128;3.1488;3.1936;3.152;3.1648;3.1008;3.1168;3.0272;3.152;3.1328;3.1008;3.1456;3.1584;3.2128;3.1488;3.0688;3.1232;3.1744;3.088;3.152;3.1872;3.1328;3.0912;3.0944;3.2352;3.1648;3.0592;3.1616;3.1712;3.136;3.1552;3.2448;3.1264;3.0944;3.1744;3.152;3.1456;3.142592
1300;3.1415384615384614;3.1507692307692308;3.1723076923076925;3.190769230769231;3.206153846153846;3.1538461538461537;3.1323076923076925;3.1076923076923078;3.16;3.0953846153846154;3.1046153846153848;3.0892307692307694;3.0615384615384613;3.187692307692308;3.1815384615384614;3.126153846153846;3.16;3.0615384615384613;3.1815384615384614;3.1015384615384614;3.1353846153846154;3.1753846153846155;3.0984615384615384;3.169230769230769;3.144615384615385;3.144615384615385;3.2615384615384615;3.144615384615385;3.1784615384615384;3.1846153846153844;3.169230769230769;3.116923076923077;3.1507692307692308;3.169230769230769;3.193846153846154;3.08;3.1753846153846155;3.1015384615384614;3.116923076923077;3.2153846153846155;3.1076923076923078;3.0984615384615384;3.076923076923077;3.187692307692308;3.2;3.129230769230769;3.190769230769231;3.0953846153846154;3.126153846153846;3.046153846153846;3.143015384615383
1350;3.1911111111111112;3.057777777777778;3.14962962962963;3.0844444444444443;3.1585185185185187;3.1466666666666665;3.2;3.1348148148148147;3.1437037037037037;3.1614814814814816;3.1081481481481483;3.117037037037037;3.1081481481481483;3.105185185185185;3.1911111111111112;3.197037037037037;3.176296296296296;3.131851851851852;3.1259259259259258;3.2088888888888887;3.14962962962963;3.0844444444444443;3.037037037037037;3.1644444444444444;3.1911111111111112;3.1348148148148147;3.0192592592592593;3.140740740740741;3.140740740740741;3.066666666666667;3.185185185185185;3.102222222222222;3.194074074074074;3.1259259259259258;3.117037037037037;3.128888888888889;3.202962962962963;3.0933333333333333;3.1437037037037037;3.202962962962963;3.1525925925925926;3.096296296296296;3.214814814814815;3.22962962962963;3.1348148148148147;3.1585185185185187;3.1585185185185187;3.2385185185185184;3.102222222222222;3.131851851851852;3.1428148148148147
1400;3.125714285714286;3.157142857142857;3.1857142857142855;3.162857142857143;3.16;3.1857142857142855;3.1542857142857144;3.0342857142857143;3.0914285714285716;3.24;3.1914285714285713;3.2085714285714286;3.16;3.1314285714285712;3.137142857142857;3.177142857142857;3.12;3.06;3.0942857142857143;3.2142857142857144;3.2085714285714286;3.1714285714285713;3.0685714285714285;3.162857142857143;3.18;3.142857142857143;3.0685714285714285;3.1942857142857144;3.1542857142857144;3.1485714285714286;3.085714285714286;3.097142857142857;3.12;3.2057142857142855;3.1742857142857144;3.1228571428571428;3.1314285714285712;3.197142857142857;3.1085714285714285;3.08;3.1714285714285713;3.1685714285714286;3.1742857142857144;3.165714285714286;3.1142857142857143;3.0914285714285716;3.202857142857143;3.1285714285714286;3.12;3.12;3.1454285714285715
1450;3.1917241379310344;3.0979310344827584;3.086896551724138;3.075862068965517;3.1448275862068966;3.1806896551724138;3.1613793103448278;3.075862068965517;3.103448275862069;3.1144827586206896;3.1641379310344826;3.0813793103448277;3.056551724137931;3.139310344827586;3.084137931034483;3.2;3.2275862068965515;3.147586206896552;3.1613793103448278;3.1558620689655172;3.1917241379310344;3.075862068965517;3.106206896551724;3.12551724137931;3.1558620689655172;3.1558620689655172;3.1227586206896554;3.153103448275862;3.147586206896552;3.211034482758621;3.084137931034483;3.1641379310344826;3.147586206896552;3.166896551724138;3.086896551724138;3.1944827586206896;3.1420689655172414;3.139310344827586;3.169655172413793;3.1779310344827585;3.2082758620689655;3.1751724137931037;3.1448275862068966;3.12551724137931;3.197241379310345;3.1006896551724137;3.1310344827586207;3.1724137931034484;3.1448275862068966;3.1779310344827585;3.1429517241379314
1500;3.1066666666666665;3.1733333333333333;3.1893333333333334;3.1546666666666665;3.104;3.1146666666666665;3.1493333333333333;3.128;3.136;3.1413333333333333;3.2026666666666666;3.1226666666666665;3.2293333333333334;3.1146666666666665;3.16;3.1333333333333333;3.1546666666666665;3.184;3.1333333333333333;3.1733333333333333;3.2;3.112;3.1706666666666665;3.1893333333333334;3.128;3.1173333333333333;3.1626666666666665;3.1626666666666665;3.152;3.136;3.08;3.0853333333333333;3.1573333333333333;3.104;3.1706666666666665;3.1226666666666665;3.152;3.1333333333333333;3.1866666666666665;3.088;3.0533333333333332;3.1573333333333333;3.1333333333333333;3.1893333333333334;3.1066666666666665;3.136;3.1013333333333333;3.1253333333333333;3.1733333333333333;3.1866666666666665;3.1435733333333333
1550;3.112258064516129;3.1406451612903226;3.2206451612903226;3.1561290322580646;3.1380645161290324;3.1483870967741936;3.0606451612903225;3.181935483870968;3.1380645161290324;3.1303225806451613;3.0916129032258066;3.150967741935484;3.184516129032258;3.0606451612903225;3.1458064516129034;3.2051612903225806;3.0761290322580646;3.153548387096774;3.1870967741935483;3.094193548387097;3.1561290322580646;3.0451612903225804;3.158709677419355;3.1251612903225805;3.1303225806451613;3.1380645161290324;3.047741935483871;3.169032258064516;3.101935483870968;3.1148387096774193;3.1251612903225805;3.1380645161290324;3.089032258064516;3.1225806451612903;3.174193548387097;3.1251612903225805;3.1070967741935482;3.223225806451613;3.176774193548387;3.223225806451613;3.1483870967741936;3.089032258064516;3.161290322580645;3.161290322580645;3.1870967741935483;3.166451612903226;3.181935483870968;3.1329032258064515;3.1896774193548385;3.089032258064516;3.1395096774193547
1600;3.0825;3.0925;3.0925;3.1475;3.1575;3.1475;3.0475;3.1575;3.1425;3.1575;3.2075;3.1475;3.155;3.1325;3.155;3.17;3.155;3.125;3.125;3.1025;3.1;3.1675;3.1525;3.0875;3.13;3.1225;3.115;3.175;3.2;3.065;3.16;3.1775;3.1325;3.09;3.18;3.1425;3.1825;3.1725;3.075;3.1525;3.115;3.2425;3.185;3.1625;3.1125;3.1475;3.075;3.135;3.1425;3.1575;3.1391000000000004
1650;3.2;3.1224242424242425;3.233939393939394;3.161212121212121;3.1587878787878787;3.1418181818181816;3.1006060606060606;3.103030303030303;3.1563636363636363;3.192727272727273;3.12;3.1951515151515153;3.149090909090909;3.044848484848485;3.149090909090909;3.1515151515151514;3.170909090909091;3.0933333333333333;3.1684848484848485;3.183030303030303;3.144242424242424;3.183030303030303;3.1684848484848485;3.1563636363636363;3.0957575757575757;3.183030303030303;3.1224242424242425;3.12969696969697;3.112727272727273;3.166060606060606;3.1903030303030304;3.066666666666667;3.1854545454545455;3.153939393939394;3.1733333333333333;3.1054545454545455;3.124848484848485;3.1587878787878787;3.1006060606060606;3.1006060606060606;3.178181818181818;3.1684848484848485;3.149090909090909;3.1587878787878787;3.216969696969697;3.1854545454545455;3.12969696969697;3.1854545454545455;3.2024242424242426;3.0472727272727274;3.1488
1700;3.1294117647058823;3.0988235294117645;3.124705882352941;3.12;3.1152941176470588;3.1788235294117646;3.061176470588235;3.192941176470588;3.103529411764706;3.1388235294117646;3.1223529411764708;3.0894117647058823;3.0894117647058823;3.108235294117647;3.1482352941176472;3.1741176470588237;3.0823529411764707;3.155294117647059;3.108235294117647;3.152941176470588;3.131764705882353;3.1152941176470588;3.0964705882352943;3.143529411764706;3.1505882352941175;3.0776470588235294;3.1294117647058823;3.0894117647058823;3.155294117647059;3.1058823529411765;3.1152941176470588;3.131764705882353;3.164705882352941;3.155294117647059;3.152941176470588;3.1905882352941175;3.1388235294117646;3.112941176470588;3.12;3.2;3.1152941176470588;3.2;3.1788235294117646;3.1223529411764708;3.164705882352941;3.155294117647059;3.124705882352941;3.192941176470588;3.16;3.108235294117647;3.1338823529411757
1750;3.1085714285714285;3.177142857142857;3.133714285714286;3.1634285714285713;3.149714285714286;3.152;3.115428571428571;3.113142857142857;3.161142857142857;3.104;3.126857142857143;3.184;3.168;3.152;3.129142857142857;3.085714285714286;3.1794285714285713;3.161142857142857;3.149714285714286;3.177142857142857;3.1474285714285712;3.1474285714285712;3.1885714285714286;3.2274285714285713;3.0788571428571427;3.174857142857143;3.1245714285714286;3.1222857142857143;3.193142857142857;3.115428571428571;3.1245714285714286;3.158857142857143;3.1885714285714286;3.149714285714286;3.1542857142857144;3.136;3.142857142857143;3.165714285714286;3.1222857142857143;3.0742857142857143;3.0788571428571427;3.1885714285714286;3.065142857142857;3.1862857142857144;3.129142857142857;3.072;3.1245714285714286;3.113142857142857;3.0628571428571427;3.1245714285714286;3.1394742857142863
1800;3.1333333333333333;3.1155555555555554;3.18;3.102222222222222;3.1533333333333333;3.1155555555555554;3.1155555555555554;3.1155555555555554;3.1555555555555554;3.1777777777777776;3.1355555555555554;3.1622222222222223;3.117777777777778;3.128888888888889;3.1555555555555554;3.188888888888889;3.1644444444444444;3.0955555555555554;3.1955555555555555;3.1577777777777776;3.1733333333333333;3.137777777777778;3.1955555555555555;3.0866666666666664;3.1577777777777776;3.148888888888889;3.148888888888889;3.1555555555555554;3.1822222222222223;3.062222222222222;3.131111111111111;3.171111111111111;3.1533333333333333;3.097777777777778;3.1533333333333333;3.1644444444444444;3.1533333333333333;3.1822222222222223;3.14;3.097777777777778;3.1422222222222222;3.0933333333333333;3.1422222222222222;3.1644444444444444;3.1222222222222222;3.1844444444444444;3.1755555555555555;3.117777777777778;3.1577777777777776;3.2333333333333334;3.1458666666666666
1850;3.2216216216216216;3.1632432432432434;3.1286486486486487;3.1783783783783783;3.1372972972972972;3.158918918918919;3.1286486486486487;3.156756756756757;3.1394594594594594;3.065945945945946;3.1027027027027025;3.1048648648648647;3.1675675675675676;3.2216216216216216;3.1113513513513515;3.0854054054054054;3.1654054054054055;3.1827027027027026;3.2;3.0854054054054054;3.171891891891892;3.1827027027027026;3.0854054054054054;3.1394594594594594;3.210810810810811;3.135135135135135;3.1632432432432434;3.156756756756757;3.12;3.1394594594594594;3.1264864864864865;3.117837837837838;3.0854054054054054;3.107027027027027;3.2172972972972973;3.1372972972972972;3.1372972972972972;3.1935135135135133;3.1416216216216215;3.1697297297297298;3.1416216216216215;3.1005405405405404;3.195675675675676;3.2021621621621623;3.1805405405405405;3.2172972972972973;3.0681081081081083;3.135135135135135;3.161081081081081;3.1654054054054055;3.1482378378378377
1900;3.0842105263157893;3.1494736842105264;3.12;3.1052631578947367;3.2063157894736842;3.1515789473684213;3.1473684210526316;3.1178947368421053;3.1578947368421053;3.1810526315789476;3.174736842105263;3.090526315789474;3.1536842105263156;3.1094736842105264;3.128421052631579;3.2442105263157894;3.168421052631579;3.1094736842105264;3.136842105263158;3.094736842105263;3.1389473684210527;3.12;3.1494736842105264;3.1873684210526316;3.2021052631578946;3.1642105263157894;3.130526315789474;3.170526315789474;3.0610526315789475;3.143157894736842;3.16;3.1557894736842105;3.1073684210526316;3.1094736842105264;3.1094736842105264;3.2126315789473683;3.16;3.1242105263157893;3.0589473684210526;3.1473684210526316;3.1873684210526316;3.1578947368421053;3.1536842105263156;3.208421052631579;3.096842105263158;3.134736842105263;3.132631578947368;3.2021052631578946;3.1957894736842105;3.1178947368421053;3.1446315789473687
1950;3.1835897435897436;3.12;3.1569230769230767;3.144615384615385;3.1015384615384614;3.1856410256410257;3.1425641025641027;3.1774358974358976;3.1507692307692308;3.091282051282051;3.154871794871795;3.1302564102564103;3.134358974358974;3.066666666666667;3.152820512820513;3.0871794871794873;3.1507692307692308;3.124102564102564;3.128205128205128;3.1015384615384614;3.163076923076923;3.072820512820513;3.1917948717948716;3.187692307692308;3.081025641025641;3.2225641025641028;3.161025641025641;3.1302564102564103;3.091282051282051;3.0871794871794873;3.144615384615385;3.1302564102564103;3.1405128205128205;3.042051282051282;3.1671794871794874;3.126153846153846;3.158974358974359;3.163076923076923;3.0994871794871797;3.126153846153846;3.126153846153846;3.128205128205128;3.1117948717948716;3.115897435897436;3.0707692307692307;3.12;3.152820512820513;3.1364102564102563;3.1815384615384614;3.1917948717948716;3.1341538461538465
2000;3.07;3.17;3.148;3.078;3.15;3.148;3.098;3.126;3.158;3.2;3.072;3.136;3.184;3.162;3.112;3.138;3.16;3.134;3.174;3.176;3.144;3.15;3.168;3.144;3.104;3.206;3.162;3.166;3.102;3.148;3.112;3.194;3.146;3.144;3.104;3.166;3.19;3.168;3.078;3.178;3.188;3.158;3.178;3.128;3.116;3.074;3.116;3.126;3.192;3.218;3.145240000000001
2050;3.1102439024390245;3.1102439024390245;3.073170731707317;3.1746341463414636;3.1434146341463416;3.194146341463415;3.151219512195122;3.1453658536585367;3.104390243902439;3.1278048780487806;3.0926829268292684;3.1219512195121952;3.184390243902439;3.1453658536585367;3.166829268292683;3.1297560975609757;3.1434146341463416;3.1082926829268294;3.1863414634146343;3.133658536585366;3.19609756097561;3.0634146341463415;3.147317073170732;3.1297560975609757;3.1434146341463416;3.1219512195121952;3.1121951219512196;3.0614634146341464;3.1219512195121952;3.137560975609756;3.1414634146341465;3.104390243902439;3.0946341463414635;3.0965853658536586;3.147317073170732;3.104390243902439;3.1219512195121952;3.1609756097560977;3.1278048780487806;3.153170731707317;3.133658536585366;3.0926829268292684;3.1434146341463416;3.104390243902439;3.19609756097561;3.1453658536585367;3.1395121951219513;3.168780487804878;3.1414634146341465;3.168780487804878;3.133385365853658
2100;3.125714285714286;3.125714285714286;3.158095238095238;3.0952380952380953;3.1695238095238096;3.118095238095238;3.1733333333333333;3.163809523809524;3.0895238095238096;3.1352380952380954;3.184761904761905;3.085714285714286;3.137142857142857;3.1695238095238096;3.1314285714285712;3.0952380952380953;3.137142857142857;3.1104761904761906;3.140952380952381;3.12;3.1219047619047617;3.1314285714285712;3.1676190476190476;3.158095238095238;3.1733333333333333;3.1866666666666665;3.1733333333333333;3.1542857142857144;3.156190476190476;3.097142857142857;3.137142857142857;3.1276190476190475;3.16;3.140952380952381;3.1485714285714286;3.1542857142857144;3.137142857142857;3.099047619047619;3.179047619047619;3.1066666666666665;3.1885714285714286;3.1523809523809523;3.179047619047619;3.144761904761905;3.100952380952381;3.179047619047619;3.0914285714285716;3.1676190476190476;3.125714285714286;3.182857142857143;3.1417904761904767
2150;3.1516279069767443;3.173953488372093;3.093953488372093;3.129302325581395;3.121860465116279;3.144186046511628;3.224186046511628;3.123720930232558;3.2093023255813953;3.168372093023256;3.1088372093023255;3.1125581395348836;3.1088372093023255;3.1386046511627907;3.146046511627907;3.147906976744186;3.1572093023255814;3.1088372093023255;3.1925581395348837;3.097674418604651;3.118139534883721;3.1404651162790698;3.1386046511627907;3.173953488372093;3.1069767441860465;3.144186046511628;3.1572093023255814;3.1051162790697675;3.129302325581395;3.127441860465116;3.1311627906976742;3.166511627906977;3.1367441860465117;3.147906976744186;3.1553488372093024;3.170232558139535;3.086511627906977;3.1646511627906975;3.177674418604651;3.172093023255814;3.1609302325581394;3.1069767441860465;3.172093023255814;3.146046511627907;3.1330232558139537;3.147906976744186;3.116279069767442;3.1944186046511627;3.144186046511628;3.1088372093023255;3.1428093023255808
2200;3.109090909090909;3.112727272727273;3.0854545454545454;3.169090909090909;3.158181818181818;3.150909090909091;3.1745454545454543;3.130909090909091;3.1763636363636363;3.14;3.130909090909091;3.1054545454545455;3.096363636363636;3.172727272727273;3.169090909090909;3.1636363636363636;3.1563636363636363;3.0945454545454547;3.212727272727273;3.1363636363636362;3.0872727272727274;3.152727272727273;3.0872727272727274;3.0636363636363635;3.1345454545454547;3.16;3.1036363636363635;3.1945454545454544;3.1872727272727275;3.090909090909091;3.1072727272727274;3.090909090909091;3.109090909090909;3.14;3.1563636363636363;3.2018181818181817;3.1472727272727274;3.1836363636363636;3.109090909090909;3.152727272727273;3.12;3.109090909090909;3.112727272727273;3.1636363636363636;3.1545454545454548;3.1836363636363636;3.1654545454545455;3.209090909090909;3.149090909090909;3.209090909090909;3.141636363636364
2250;3.102222222222222;3.1502222222222223;3.111111111111111;3.105777777777778;3.1573333333333333;3.1662222222222223;3.152;3.160888888888889;3.1413333333333333;3.096888888888889;3.1537777777777776;3.1466666666666665;3.104;3.1182222222222222;3.1075555555555554;3.1004444444444443;3.1626666666666665;3.1484444444444444;3.095111111111111;3.1146666666666665;3.1093333333333333;3.121777777777778;3.2035555555555555;3.1804444444444444;3.127111111111111;3.127111111111111;3.111111111111111;3.1484444444444444;3.1733333333333333;3.1537777777777776;3.159111111111111;3.1786666666666665;3.1733333333333333;3.1342222222222222;3.1644444444444444;3.0915555555555554;3.2017777777777776;3.1413333333333333;3.136;3.2284444444444444;3.2035555555555555;3.1342222222222222;3.0986666666666665;3.1484444444444444;3.2142222222222223;3.1235555555555554;3.2;3.1466666666666665;3.096888888888889;3.1253333333333333;3.1430400000000005
2300;3.2069565217391305;3.168695652173913;3.217391304347826;3.121739130434783;3.1426086956521737;3.12;3.1843478260869564;3.1182608695652174;3.1652173913043478;3.12;3.1478260869565218;3.1669565217391304;3.161739130434783;3.2017391304347824;3.121739130434783;3.168695652173913;3.186086956521739;3.1495652173913045;3.139130434782609;3.0695652173913044;3.177391304347826;3.114782608695652;3.161739130434783;3.1478260869565218;3.1426086956521737;3.262608695652174;3.102608695652174;3.1321739130434785;3.1582608695652175;3.137391304347826;3.0991304347826087;3.187826086956522;3.179130434782609;3.1321739130434785;3.172173913043478;3.1269565217391304;3.222608695652174;3.151304347826087;3.1756521739130434;3.161739130434783;3.066086956521739;3.114782608695652;3.128695652173913;3.1495652173913045;3.187826086956522;3.1843478260869564;3.121739130434783;3.1478260869565218;3.1339130434782607;3.1165217391304347;3.151513043478261
2350;3.101276595744681;3.130212765957447;3.126808510638298;3.1404255319148935;3.13531914893617;3.203404255319149;3.1540425531914895;3.2136170212765958;3.1625531914893616;3.116595744680851;3.1608510638297873;3.21531914893617;3.157446808510638;3.108085106382979;3.1710638297872342;3.1472340425531913;3.0961702127659576;3.094468085106383;3.1506382978723404;3.137021276595745;3.13531914893617;3.1421276595744683;3.1251063829787236;3.18468085106383;3.1693617021276594;3.177872340425532;3.1131914893617023;3.130212765957447;3.2;3.155744680851064;3.106382978723404;3.126808510638298;3.205106382978723;3.1131914893617023;3.164255319148936;3.1029787234042554;3.1421276595744683;3.137021276595745;3.13531914893617;3.126808510638298;3.157446808510638;3.0961702127659576;3.145531914893617;3.1438297872340426;3.1336170212765957;3.075744680851064;3.205106382978723;3.1829787234042555;3.145531914893617;3.1540425531914895;3.1451234042553193
2400;3.16;3.1566666666666667;3.1133333333333333;3.2016666666666667;3.1416666666666666;3.1683333333333334;3.0316666666666667;3.165;3.1966666666666668;3.19;3.171666666666667;3.165;3.15;3.1733333333333333;3.1983333333333333;3.1366666666666667;3.145;3.155;3.1416666666666666;3.12;3.0966666666666667;3.1616666666666666;3.2;3.0716666666666668;3.151666666666667;3.1766666666666667;3.118333333333333;3.145;3.155;3.11;3.185;3.111666666666667;3.125;3.15;3.118333333333333;3.085;3.125;3.17;3.135;3.151666666666667;3.1216666666666666;3.1433333333333335;3.151666666666667;3.08;3.1733333333333333;3.1566666666666667;3.205;3.1433333333333335;3.13;3.16;3.1458000000000017
2450;3.1346938775510202;3.1346938775510202;3.1444897959183673;3.146122448979592;3.110204081632653;3.1151020408163266;3.1640816326530614;3.162448979591837;3.155918367346939;3.1755102040816325;3.186938775510204;3.1248979591836736;3.162448979591837;3.159183673469388;3.126530612244898;3.106938775510204;3.1297959183673467;3.1689795918367345;3.1510204081632653;3.126530612244898;3.1297959183673467;3.123265306122449;3.155918367346939;3.2179591836734693;3.103673469387755;3.126530612244898;3.106938775510204;3.1787755102040816;3.0987755102040815;3.1575510204081634;3.1151020408163266;3.0873469387755104;3.1885714285714286;3.1510204081632653;3.0840816326530613;3.1151020408163266;3.1951020408163266;3.1281632653061227;3.1412244897959183;3.0595918367346937;3.1395918367346938;3.1722448979591835;3.1346938775510202;3.1477551020408163;3.173877551020408;3.12;3.170612244897959;3.106938775510204;3.180408163265306;3.1608163265306124;3.1411591836734694
2500;3.176;3.1664;3.1312;3.1712;3.1072;3.1376;3.1472;3.0864;3.1424;3.152;3.136;3.1856;3.1648;3.1424;3.1008;3.1136;3.1328;3.1296;3.1408;3.1552;3.1984;3.1888;3.1104;3.1184;3.1264;3.2;3.12;3.1072;3.0624;3.1376;3.1296;3.1856;3.1264;3.1344;3.1472;3.1568;3.176;3.1424;3.088;3.1856;3.1632;3.1904;3.1456;3.208;3.1168;3.112;3.0912;3.1312;3.1312;3.0864;3.140736
2550;3.1419607843137256;3.124705882352941;3.1905882352941175;3.109019607843137;3.1498039215686275;3.171764705882353;3.1733333333333333;3.1388235294117646;3.072941176470588;3.1403921568627453;3.1309803921568626;3.1670588235294117;3.1058823529411765;3.176470588235294;3.152941176470588;3.145098039215686;3.163921568627451;3.179607843137255;3.1701960784313727;3.152941176470588;3.143529411764706;3.0870588235294116;3.151372549019608;3.152941176470588;3.135686274509804;3.1701960784313727;3.1294117647058823;3.179607843137255;3.16078431372549;3.109019607843137;3.1262745098039217;3.1482352941176472;3.11843137254902;3.145098039215686;3.101176470588235;3.171764705882353;3.1341176470588237;3.184313725490196;3.127843137254902;3.1545098039215684;3.1654901960784314;3.1294117647058823;3.176470588235294;3.0823529411764707;3.1858823529411766;3.0949019607843136;3.195294117647059;3.1105882352941174;3.109019607843137;3.1858823529411766;3.1445019607843148
2600;3.0892307692307694;3.1215384615384614;3.2015384615384614;3.169230769230769;3.1569230769230767;3.187692307692308;3.14;3.12;3.1215384615384614;3.1123076923076924;3.1384615384615384;3.1415384615384614;3.0692307692307694;3.1384615384615384;3.1538461538461537;3.16;3.213846153846154;3.1984615384615385;3.1215384615384614;3.0646153846153847;3.14;3.109230769230769;3.126153846153846;3.143076923076923;3.16;3.1046153846153848;3.1507692307692308;3.144615384615385;3.1076923076923078;3.1123076923076924;3.1338461538461537;3.1584615384615384;3.1769230769230767;3.166153846153846;3.0892307692307694;3.149230769230769;3.163076923076923;3.1353846153846154;3.1784615384615384;3.146153846153846;3.086153846153846;3.1276923076923078;3.1;3.1107692307692307;3.1123076923076924;3.124615384615385;3.0938461538461537;3.1184615384615384;3.163076923076923;3.1753846153846155;3.136553846153845
2650;3.080754716981132;3.127547169811321;3.2060377358490566;3.1426415094339624;3.2045283018867923;3.147169811320755;3.177358490566038;3.1562264150943395;3.1622641509433964;3.151698113207547;3.1441509433962262;3.1652830188679246;3.1939622641509433;3.1441509433962262;3.177358490566038;3.1562264150943395;3.1320754716981134;3.118490566037736;3.1350943396226416;3.1366037735849055;3.1532075471698113;3.1245283018867926;3.1139622641509432;3.1124528301886794;3.0852830188679246;3.1335849056603773;3.1532075471698113;3.1622641509433964;3.1350943396226416;3.18188679245283;3.1139622641509432;3.118490566037736;3.18188679245283;3.100377358490566;3.171320754716981;3.127547169811321;3.18188679245283;3.1622641509433964;3.1562264150943395;3.127547169811321;3.147169811320755;3.1064150943396225;3.1547169811320757;3.1954716981132076;3.1260377358490565;3.1547169811320757;3.1064150943396225;3.1441509433962262;3.127547169811321;3.118490566037736;3.144754716981132
2700;3.128888888888889;3.1822222222222223;3.065185185185185;3.100740740740741;3.16;3.105185185185185;3.1481481481481484;3.117037037037037;3.122962962962963;3.1437037037037037;3.1081481481481483;3.1096296296296297;3.0755555555555554;3.100740740740741;3.1392592592592594;3.157037037037037;3.1955555555555555;3.1081481481481483;3.1422222222222222;3.1244444444444444;3.202962962962963;3.1214814814814815;3.16;3.154074074074074;3.1748148148148148;3.176296296296296;3.105185185185185;3.136296296296296;3.1466666666666665;3.1303703703703705;3.14962962962963;3.1644444444444444;3.1185185185185187;3.165925925925926;3.1081481481481483;3.1037037037037036;3.0844444444444443;3.145185185185185;3.1525925925925926;3.162962962962963;3.1481481481481484;3.0903703703703704;3.128888888888889;3.1422222222222222;3.1096296296296297;3.1348148148148147;3.1777777777777776;3.137777777777778;3.1437037037037037;3.0844444444444443;3.133925925925926
2750;3.1345454545454547;3.106909090909091;3.1185454545454547;3.1723636363636363;3.1796363636363636;3.144727272727273;3.082181818181818;3.1345454545454547;3.146181818181818;3.1272727272727274;3.112727272727273;3.1185454545454547;3.12;3.207272727272727;3.1796363636363636;3.1243636363636362;3.1563636363636363;3.178181818181818;3.1738181818181816;3.160727272727273;3.160727272727273;3.1272727272727274;3.2014545454545456;3.122909090909091;3.1214545454545455;3.1374545454545455;3.136;3.090909090909091;3.1156363636363635;3.1534545454545455;3.098181818181818;3.1665454545454543;3.1752727272727275;3.165090909090909;3.1592727272727275;3.130181818181818;3.1694545454545455;3.178181818181818;3.232;3.1578181818181816;3.1418181818181816;3.090909090909091;3.130181818181818;3.160727272727273;3.1418181818181816;3.133090909090909;3.184;3.1374545454545455;3.1505454545454548;3.106909090909091;3.1451054545454546
2800;3.16;3.0742857142857143;3.13;3.1214285714285714;3.1485714285714286;3.1357142857142857;3.1228571428571428;3.1357142857142857;3.164285714285714;3.14;3.107142857142857;3.1185714285714288;3.1357142857142857;3.1185714285714288;3.111428571428571;3.184285714285714;3.092857142857143;3.1471428571428572;3.144285714285714;3.1285714285714286;3.2085714285714286;3.1557142857142857;3.19;3.157142857142857;3.1742857142857144;3.2214285714285715;3.15;3.2142857142857144;3.124285714285714;3.2314285714285713;3.142857142857143;3.164285714285714;3.1714285714285713;3.11;3.1485714285714286;3.1857142857142855;3.1914285714285713;3.14;3.182857142857143;3.1714285714285713;3.157142857142857;3.1214285714285714;3.142857142857143;3.1342857142857143;3.105714285714286;3.165714285714286;3.1342857142857143;3.1185714285714288;3.125714285714286;3.144285714285714;3.1481428571428567
2850;3.177543859649123;3.1971929824561403;3.155087719298246;3.1564912280701756;3.1733333333333333;3.1382456140350876;3.159298245614035;3.1578947368421053;3.0989473684210527;3.1578947368421053;3.0694736842105264;3.111578947368421;3.1452631578947368;3.1494736842105264;3.0778947368421052;3.096140350877193;3.1143859649122807;3.1298245614035087;3.1480701754385967;3.167719298245614;3.1817543859649122;3.1564912280701756;3.112982456140351;3.1635087719298247;3.150877192982456;3.20140350877193;3.1621052631578945;3.136842105263158;3.159298245614035;3.1143859649122807;3.191578947368421;3.1635087719298247;3.1578947368421053;3.110175438596491;3.176140350877193;3.086315789473684;3.1298245614035087;3.143859649122807;3.111578947368421;3.192982456140351;3.2140350877192985;3.1564912280701756;3.1452631578947368;3.1185964912280704;3.112982456140351;3.101754385964912;3.0933333333333333;3.101754385964912;3.1578947368421053;3.2;3.143747368421052
2900;3.1020689655172413;3.1420689655172414;3.1324137931034484;3.1282758620689655;3.1710344827586208;3.1186206896551725;3.176551724137931;3.1586206896551725;3.093793103448276;3.12551724137931;3.169655172413793;3.1406896551724137;3.0924137931034483;3.1351724137931036;3.1048275862068966;3.1503448275862067;3.117241379310345;3.107586206896552;3.0910344827586207;3.1351724137931036;3.183448275862069;3.1613793103448278;3.12;3.1489655172413795;3.1613793103448278;3.126896551724138;3.0813793103448277;3.0979310344827584;3.12;3.1020689655172413;3.1351724137931036;3.0979310344827584;3.143448275862069;3.188965517241379;3.162758620689655;3.1282758620689655;3.1282758620689655;3.197241379310345;3.1503448275862067;3.1544827586206896;3.157241379310345;3.1503448275862067;3.166896551724138;3.1779310344827585;3.0979310344827584;3.0813793103448277;3.1186206896551725;3.1489655172413795;3.1241379310344826;3.1310344827586207;3.1347586206896545
2950;3.1972881355932206;3.182372881355932;3.185084745762712;3.103728813559322;3.157966101694915;3.1471186440677967;3.1308474576271186;3.1240677966101695;3.110508474576271;3.12135593220339;3.1227118644067797;3.2040677966101696;3.152542372881356;3.133559322033898;3.1633898305084744;3.1077966101694914;3.1159322033898307;3.126779661016949;3.1416949152542375;3.151186440677966;3.145762711864407;3.144406779661017;3.1376271186440676;3.157966101694915;3.1430508474576273;3.167457627118644;3.1376271186440676;3.133559322033898;3.109152542372881;3.1294915254237288;3.145762711864407;3.1064406779661016;3.1715254237288137;3.160677966101695;3.1322033898305084;3.175593220338983;3.178305084745763;3.1566101694915254;3.128135593220339;3.1322033898305084;3.159322033898305;3.152542372881356;3.1376271186440676;3.1972881355932206;3.1172881355932205;3.144406779661017;3.1498305084745764;3.0820338983050846;3.12135593220339;3.102372881355932;3.142752542372881
3000;3.1253333333333333;3.1173333333333333;3.1253333333333333;3.0933333333333333;3.1226666666666665;3.1386666666666665;3.0946666666666665;3.1226666666666665;3.1893333333333334;3.116;3.1306666666666665;3.1453333333333333;3.156;3.1293333333333333;3.0973333333333333;3.1666666666666665;3.1573333333333333;3.144;3.0773333333333333;3.074666666666667;3.1306666666666665;3.1626666666666665;3.1586666666666665;3.1226666666666665;3.1293333333333333;3.1066666666666665;3.1613333333333333;3.172;3.152;3.0986666666666665;3.1746666666666665;3.082666666666667;3.1266666666666665;3.14;3.1386666666666665;3.1146666666666665;3.132;3.1653333333333333;3.184;3.1693333333333333;3.1026666666666665;3.0933333333333333;3.1546666666666665;3.1786666666666665;3.148;3.0893333333333333;3.1853333333333333;3.1146666666666665;3.14;3.1586666666666665;3.1342399999999992
3050;3.161967213114754;3.055737704918033;3.138360655737705;3.1449180327868853;3.139672131147541;3.155409836065574;3.181639344262295;3.201311475409836;3.164590163934426;3.1055737704918034;3.0622950819672132;3.1514754098360656;3.138360655737705;3.1501639344262293;3.137049180327869;3.181639344262295;3.1304918032786886;3.1514754098360656;3.085901639344262;3.177704918032787;3.1291803278688524;3.1239344262295083;3.11344262295082;3.088524590163934;3.140983606557377;3.1291803278688524;3.0924590163934425;3.1357377049180326;3.116065573770492;3.139672131147541;3.2039344262295084;3.1514754098360656;3.1855737704918035;3.1540983606557376;3.1422950819672133;3.196065573770492;3.1842622950819672;3.125245901639344;3.1422950819672133;3.1331147540983606;3.1514754098360656;3.139672131147541;3.1921311475409837;3.116065573770492;3.1672131147540985;3.140983606557377;3.1291803278688524;3.1895081967213117;3.161967213114754;3.134426229508197;3.1433180327868855
3100;3.1793548387096773;3.121290322580645;3.1625806451612903;3.1380645161290324;3.1354838709677417;3.0851612903225805;3.1458064516129034;3.0825806451612903;3.1483870967741936;3.1548387096774193;3.1303225806451613;3.1638709677419357;3.1225806451612903;3.158709677419355;3.099354838709677;3.1316129032258067;3.144516129032258;3.1316129032258067;3.1316129032258067;3.1303225806451613;3.1251612903225805;3.214193548387097;3.1148387096774193;3.104516129032258;3.1716129032258062;3.16;3.1470967741935483;3.1135483870967744;3.141935483870968;3.12;3.1135483870967744;3.149677419354839;3.167741935483871;3.144516129032258;3.166451612903226;3.1470967741935483;3.1354838709677417;3.192258064516129;3.1548387096774193;3.150967741935484;3.1716129032258062;3.193548387096774;3.1432258064516128;3.0838709677419356;3.144516129032258;3.099354838709677;3.129032258064516;3.166451612903226;3.1432258064516128;3.141935483870968;3.141006451612904
3150;3.121269841269841;3.1161904761904764;3.14031746031746;3.1555555555555554;3.1885714285714286;3.1644444444444444;3.147936507936508;3.1644444444444444;3.1441269841269843;3.1834920634920634;3.1542857142857144;3.1174603174603175;3.1326984126984128;3.1720634920634923;3.168253968253968;3.2076190476190476;3.1707936507936507;3.1784126984126986;3.147936507936508;3.106031746031746;3.159365079365079;3.1707936507936507;3.123809523809524;3.1707936507936507;3.1517460317460317;3.1695238095238096;3.0755555555555554;3.1822222222222223;3.1276190476190475;3.137777777777778;3.1352380952380954;3.139047619047619;3.1504761904761907;3.147936507936508;3.121269841269841;3.1441269841269843;3.1415873015873017;3.12;3.184761904761905;3.0628571428571427;3.1453968253968254;3.1784126984126986;3.1707936507936507;3.142857142857143;3.149206349206349;3.159365079365079;3.1517460317460317;3.13015873015873;3.1834920634920634;3.137777777777778;3.1489523809523807
3200;3.12;3.15625;3.13;3.15125;3.14875;3.11375;3.18375;3.13625;3.13125;3.08;3.1425;3.10625;3.11375;3.19;3.1575;3.11375;3.15125;3.145;3.165;3.1325;3.145;3.115;3.155;3.11875;3.1275;3.17;3.13375;3.16875;3.13;3.1725;3.0925;3.1825;3.105;3.10375;3.16125;3.1325;3.13375;3.14375;3.16125;3.16125;3.1475;3.17125;3.14375;3.12;3.1075;3.185;3.07375;3.1375;3.175;3.18375;3.14055
3250;3.136;3.121230769230769;3.144615384615385;3.169230769230769;3.158153846153846;3.158153846153846;3.1593846153846155;3.128615384615385;3.168;3.126153846153846;3.105230769230769;3.0892307692307694;3.155692307692308;3.1975384615384614;3.169230769230769;3.1483076923076925;3.166769230769231;3.1236923076923078;3.182769230769231;3.2024615384615385;3.158153846153846;3.171692307692308;3.1015384615384614;3.128615384615385;3.1704615384615384;3.072;3.131076923076923;3.1655384615384614;3.099076923076923;3.1778461538461538;3.1347692307692308;3.1323076923076925;3.1187692307692307;3.124923076923077;3.137230769230769;3.1569230769230767;3.1495384615384614;3.1076923076923078;3.1347692307692308;3.128615384615385;3.184;3.1815384615384614;3.126153846153846;3.110153846153846;3.1027692307692307;3.112615384615385;3.128615384615385;3.142153846153846;3.1187692307692307;3.1076923076923078;3.1405292307692307
3300;3.1357575757575757;3.12;3.1624242424242426;3.1575757575757577;3.1284848484848484;3.166060606060606;3.1503030303030304;3.1503030303030304;3.086060606060606;3.0921212121212123;3.1163636363636362;3.1769696969696968;3.130909090909091;3.1915151515151514;3.0775757575757576;3.193939393939394;3.12969696969697;3.138181818181818;3.1224242424242425;3.1515151515151514;3.1575757575757577;3.124848484848485;3.16969696969697;3.1321212121212123;3.1503030303030304;3.152727272727273;3.1454545454545455;3.1672727272727275;3.1733333333333333;3.138181818181818;3.1418181818181816;3.1357575757575757;3.1745454545454543;3.121212121212121;3.161212121212121;3.1684848484848485;3.1466666666666665;3.1551515151515153;3.166060606060606;3.08;3.1684848484848485;3.152727272727273;3.2036363636363636;3.1236363636363635;3.16969696969697;3.179393939393939;3.166060606060606;3.1272727272727274;3.143030303030303;3.113939393939394;3.145769696969698
3350;3.1486567164179102;3.111641791044776;3.151044776119403;3.203582089552239;3.1283582089552238;3.1701492537313434;3.1223880597014926;3.124776119402985;3.149850746268657;3.1164179104477614;3.155820895522388;3.12955223880597;3.1486567164179102;3.12955223880597;3.111641791044776;3.1223880597014926;3.159402985074627;3.10089552238806;3.149850746268657;3.147462686567164;3.0722388059701493;3.0686567164179106;3.1176119402985076;3.151044776119403;3.1462686567164178;3.142686567164179;3.1128358208955222;3.093731343283582;3.155820895522388;3.1343283582089554;3.12;3.1307462686567162;3.1391044776119403;3.1164179104477614;3.1307462686567162;3.151044776119403;3.1211940298507463;3.133134328358209;3.0770149253731343;3.106865671641791;3.1486567164179102;3.1104477611940298;3.102089552238806;3.185671641791045;3.185671641791045;3.0961194029850745;3.0865671641791046;3.1391044776119403;3.0555223880597016;3.1044776119402986;3.1283582089552224
3400;3.0870588235294116;3.1188235294117646;3.155294117647059;3.1658823529411766;3.131764705882353;3.1741176470588237;3.131764705882353;3.131764705882353;3.135294117647059;3.131764705882353;3.104705882352941;3.101176470588235;3.1223529411764708;3.132941176470588;3.1741176470588237;3.1470588235294117;3.132941176470588;3.123529411764706;3.071764705882353;3.1658823529411766;3.1682352941176473;3.1882352941176473;3.0823529411764707;3.175294117647059;3.1505882352941175;3.151764705882353;3.142352941176471;3.135294117647059;3.143529411764706;3.1458823529411766;3.1482352941176472;3.1588235294117646;3.0741176470588236;3.1705882352941175;3.1788235294117646;3.1776470588235295;3.1023529411764708;3.2023529411764704;3.1494117647058824;3.092941176470588;3.1611764705882353;3.123529411764706;3.1305882352941174;3.163529411764706;3.0976470588235294;3.136470588235294;3.142352941176471;3.191764705882353;3.144705882352941;3.142352941176471;3.140258823529412
3450;3.137391304347826;3.121159420289855;3.1420289855072463;3.1095652173913044;3.198840579710145;3.136231884057971;3.152463768115942;3.1269565217391304;3.1455072463768117;3.152463768115942;3.1930434782608694;3.11536231884058;3.1536231884057973;3.074782608695652;3.1930434782608694;3.106086956521739;3.1536231884057973;3.1489855072463766;3.130434782608696;3.19768115942029;3.077101449275362;3.1455072463768117;3.157101449275362;3.137391304347826;3.139710144927536;3.1292753623188405;3.1281159420289857;3.0979710144927535;3.1443478260869564;3.0655072463768116;3.1872463768115944;3.1269565217391304;3.150144927536232;3.1489855072463766;3.1095652173913044;3.179130434782609;3.1710144927536232;3.1292753623188405;3.0991304347826087;3.1826086956521737;3.1339130434782607;3.167536231884058;3.0944927536231885;3.1779710144927535;3.1443478260869564;3.169855072463768;3.1559420289855074;3.12231884057971;3.130434782608696;3.169855072463768;3.1412405797101455
3500;3.1028571428571428;3.0994285714285716;3.1702857142857144;3.145142857142857;3.161142857142857;3.1645714285714286;3.126857142857143;3.1188571428571428;3.168;3.145142857142857;3.168;3.133714285714286;3.166857142857143;3.115428571428571;3.225142857142857;3.1634285714285713;3.0628571428571427;3.157714285714286;3.1714285714285713;3.1965714285714286;3.0994285714285716;3.1622857142857144;3.136;3.152;3.1108571428571428;3.152;3.190857142857143;3.113142857142857;3.0845714285714285;3.1314285714285712;3.190857142857143;3.1554285714285712;3.125714285714286;3.104;3.157714285714286;3.081142857142857;3.1245714285714286;3.158857142857143;3.166857142857143;3.142857142857143;3.1817142857142855;3.105142857142857;3.136;3.105142857142857;3.125714285714286;3.136;3.137142857142857;3.136;3.1245714285714286;3.1794285714285713;3.1414171428571422
3550;3.1425352112676057;3.1109859154929578;3.1549295774647885;3.12;3.149295774647887;3.149295774647887;3.1549295774647885;3.103098591549296;3.1470422535211267;3.1290140845070424;3.1583098591549295;3.16056338028169;3.1301408450704225;3.172957746478873;3.096338028169014;3.1132394366197182;3.152676056338028;3.1380281690140843;3.1785915492957746;3.139154929577465;3.1109859154929578;3.1154929577464787;3.179718309859155;3.176338028169014;3.096338028169014;3.1402816901408452;3.176338028169014;3.0816901408450703;3.1019718309859154;3.1684507042253522;3.123380281690141;3.1436619718309857;3.0985915492957745;3.1459154929577466;3.1864788732394365;3.149295774647887;3.1414084507042253;3.124507042253521;3.192112676056338;3.139154929577465;3.1290140845070424;3.163943661971831;3.0940845070422536;3.162816901408451;3.1109859154929578;3.1538028169014085;3.134647887323944;3.1290140845070424;3.1369014084507043;3.088450704225352;3.137938028169015
3600;3.147777777777778;3.128888888888889;3.1244444444444444;3.14;3.148888888888889;3.1244444444444444;3.108888888888889;3.1144444444444446;3.188888888888889;3.12;3.1755555555555555;3.1155555555555554;3.172222222222222;3.137777777777778;3.0933333333333333;3.187777777777778;3.1033333333333335;3.158888888888889;3.1155555555555554;3.111111111111111;3.078888888888889;3.138888888888889;3.1655555555555557;3.1622222222222223;3.128888888888889;3.15;3.0844444444444443;3.181111111111111;3.1455555555555557;3.1444444444444444;3.128888888888889;3.171111111111111;3.15;3.0855555555555556;3.17;3.172222222222222;3.16;3.1466666666666665;3.1655555555555557;3.1422222222222222;3.158888888888889;3.171111111111111;3.0933333333333333;3.118888888888889;3.1755555555555555;3.128888888888889;3.2144444444444447;3.138888888888889;3.1266666666666665;3.138888888888889;3.141111111111111
3650;3.163835616438356;3.0827397260273974;3.1550684931506847;3.164931506849315;3.1210958904109587;3.141917808219178;3.1594520547945204;3.135342465753425;3.1134246575342464;3.1846575342465755;3.1024657534246574;3.1671232876712327;3.1342465753424658;3.140821917808219;3.1605479452054794;3.152876712328767;3.135342465753425;3.135342465753425;3.143013698630137;3.1495890410958904;3.128767123287671;3.1364383561643834;3.1265753424657534;3.1605479452054794;3.1375342465753424;3.1254794520547944;3.1134246575342464;3.1594520547945204;3.075068493150685;3.1736986301369865;3.1342465753424658;3.1594520547945204;3.1331506849315067;3.1506849315068495;3.1605479452054794;3.1123287671232878;3.12;3.174794520547945;3.1561643835616437;3.166027397260274;3.086027397260274;3.1495890410958904;3.12986301369863;3.1484931506849314;3.1386301369863014;3.1506849315068495;3.146301369863014;3.1057534246575345;3.1594520547945204;3.153972602739726;3.1403397260273964
3700;3.117837837837838;3.1232432432432433;3.151351351351351;3.151351351351351;3.130810810810811;3.1254054054054055;3.145945945945946;3.161081081081081;3.147027027027027;3.1016216216216215;3.1416216216216215;3.1405405405405404;3.1664864864864866;3.1286486486486487;3.1805405405405405;3.134054054054054;3.1524324324324327;3.1221621621621622;3.075675675675676;3.1794594594594594;3.1372972972972972;3.1145945945945948;3.1091891891891894;3.136216216216216;3.1124324324324326;3.1383783783783783;3.12;3.0832432432432433;3.1621621621621623;3.145945945945946;3.12;3.170810810810811;3.1697297297297298;3.147027027027027;3.1297297297297297;3.132972972972973;3.170810810810811;3.154594594594595;3.172972972972973;3.1621621621621623;3.116756756756757;3.1643243243243244;3.1243243243243244;3.1059459459459458;3.082162162162162;3.131891891891892;3.130810810810811;3.1535135135135137;3.094054054054054;3.12;3.135827027027026
3750;3.1978666666666666;3.1253333333333333;3.1445333333333334;3.184;3.1872;3.1797333333333335;3.1317333333333335;3.1605333333333334;3.182933333333333;3.1370666666666667;3.1456;3.1168;3.1797333333333335;3.1925333333333334;3.1605333333333334;3.12;3.1712;3.1210666666666667;3.1584;3.1552;3.1253333333333333;3.1530666666666667;3.1573333333333333;3.1456;3.127466666666667;3.104;3.0869333333333335;3.1648;3.1296;3.134933333333333;3.2288;3.1317333333333335;3.1402666666666668;3.1701333333333332;3.1946666666666665;3.1402666666666668;3.1210666666666667;3.1146666666666665;3.1488;3.1552;3.1562666666666668;3.1242666666666667;3.1232;3.1530666666666667;3.1104;3.1296;3.1701333333333332;3.1168;3.1264;3.1733333333333333;3.1482026666666654
3800;3.1157894736842104;3.1378947368421053;3.0957894736842104;3.0989473684210527;3.1526315789473682;3.108421052631579;3.116842105263158;3.130526315789474;3.1442105263157893;3.1042105263157893;3.1473684210526316;3.14;3.1442105263157893;3.166315789473684;3.1315789473684212;3.1273684210526316;3.1589473684210527;3.156842105263158;3.134736842105263;3.1389473684210527;3.142105263157895;3.1536842105263156;3.1789473684210527;3.1389473684210527;3.1936842105263157;3.1589473684210527;3.1778947368421053;3.1736842105263157;3.106315789473684;3.1357894736842105;3.128421052631579;3.148421052631579;3.082105263157895;3.134736842105263;3.1294736842105264;3.108421052631579;3.12;3.094736842105263;3.154736842105263;3.176842105263158;3.1515789473684213;3.1410526315789475;3.1526315789473682;3.116842105263158;3.116842105263158;3.1126315789473686;3.154736842105263;3.1157894736842104;3.1157894736842104;3.1515789473684213;3.136378947368421
3850;3.128311688311688;3.1418181818181816;3.088831168831169;3.167792207792208;3.145974025974026;3.123116883116883;3.177142857142857;3.1605194805194805;3.1397402597402597;3.1511688311688313;3.1563636363636363;3.174025974025974;3.122077922077922;3.097142857142857;3.1324675324675324;3.171948051948052;3.1033766233766236;3.183376623376623;3.090909090909091;3.183376623376623;3.1272727272727274;3.18961038961039;3.177142857142857;3.1792207792207794;3.097142857142857;3.1023376623376624;3.145974025974026;3.1511688311688313;3.116883116883117;3.137662337662338;3.1241558441558444;3.1511688311688313;3.1387012987012985;3.115844155844156;3.178181818181818;3.152207792207792;3.1563636363636363;3.178181818181818;3.1625974025974024;3.1314285714285712;3.121038961038961;3.1418181818181816;3.152207792207792;3.137662337662338;3.0815584415584416;3.1511688311688313;3.0877922077922078;3.1064935064935066;3.1542857142857144;3.0961038961038962;3.1396571428571427
3900;3.190769230769231;3.154871794871795;3.115897435897436;3.114871794871795;3.083076923076923;3.1846153846153844;3.1364102564102563;3.114871794871795;3.147692307692308;3.0964102564102562;3.174358974358974;3.0933333333333333;3.152820512820513;3.1835897435897436;3.1825641025641027;3.1815384615384614;3.171282051282051;3.1435897435897435;3.131282051282051;3.163076923076923;3.1774358974358976;3.171282051282051;3.163076923076923;3.164102564102564;3.0943589743589746;3.1569230769230767;3.169230769230769;3.1405128205128205;3.1835897435897436;3.116923076923077;3.195897435897436;3.131282051282051;3.1702564102564104;3.144615384615385;3.144615384615385;3.1384615384615384;3.134358974358974;3.129230769230769;3.1702564102564104;3.123076923076923;3.1394871794871797;3.166153846153846;3.1733333333333333;3.166153846153846;3.1456410256410257;3.1353846153846154;3.1825641025641027;3.1405128205128205;3.144615384615385;3.1415384615384614;3.149435897435897
3950;3.109873417721519;3.1767088607594935;3.0855696202531644;3.1432911392405063;3.0916455696202534;3.090632911392405;3.1341772151898732;3.170632911392405;3.1260759493670887;3.1270886075949367;3.1665822784810125;3.1331645569620252;3.170632911392405;3.1149367088607596;3.17873417721519;3.1392405063291138;3.1625316455696204;3.132151898734177;3.1341772151898732;3.1513924050632913;3.1139240506329116;3.202025316455696;3.0967088607594935;3.1645569620253164;3.1432911392405063;3.1250632911392406;3.1341772151898732;3.131139240506329;3.121012658227848;3.1372151898734177;3.1412658227848103;3.150379746835443;3.1534177215189874;3.1453164556962023;3.1524050632911393;3.110886075949367;3.132151898734177;3.1635443037974684;3.1524050632911393;3.147341772151899;3.0936708860759494;3.167594936708861;3.1949367088607596;3.1443037974683543;3.1382278481012658;3.12;3.1362025316455697;3.1534177215189874;3.1260759493670887;3.1179746835443036;3.1389974683544306
4000;3.094;3.113;3.196;3.155;3.14;3.099;3.141;3.192;3.128;3.103;3.117;3.147;3.136;3.132;3.126;3.164;3.149;3.149;3.113;3.139;3.086;3.175;3.142;3.137;3.161;3.141;3.12;3.156;3.19;3.142;3.099;3.155;3.159;3.167;3.11;3.116;3.176;3.166;3.099;3.11;3.168;3.114;3.148;3.149;3.174;3.145;3.125;3.126;3.126;3.159;3.1394800000000007
4050;3.1348148148148147;3.1446913580246916;3.111111111111111;3.1259259259259258;3.174320987654321;3.1259259259259258;3.1328395061728394;3.1180246913580247;3.1081481481481483;3.151604938271605;3.1693827160493826;3.130864197530864;3.1674074074074072;3.1417283950617283;3.163456790123457;3.131851851851852;3.122962962962963;3.1219753086419755;3.180246913580247;3.1841975308641977;3.145679012345679;3.1990123456790123;3.1555555555555554;3.1446913580246916;3.1328395061728394;3.140740740740741;3.0854320987654322;3.1506172839506172;3.1120987654320986;3.1032098765432097;3.1338271604938273;3.080493827160494;3.139753086419753;3.1555555555555554;3.142716049382716;3.185185185185185;3.1506172839506172;3.1654320987654323;3.131851851851852;3.21679012345679;3.130864197530864;3.092345679012346;3.177283950617284;3.1822222222222223;3.148641975308642;3.140740740740741;3.1417283950617283;3.1338271604938273;3.148641975308642;3.139753086419753;3.142992592592593
4100;3.2146341463414636;3.158048780487805;3.1307317073170733;3.1921951219512197;3.147317073170732;3.1053658536585367;3.1814634146341465;3.1463414634146343;3.173658536585366;3.175609756097561;3.1746341463414636;3.1414634146341465;3.1414634146341465;3.1609756097560977;3.171707317073171;3.131707317073171;3.1414634146341465;3.0839024390243903;3.135609756097561;3.180487804878049;3.15609756097561;3.135609756097561;3.1707317073170733;3.124878048780488;3.088780487804878;3.138536585365854;3.1551219512195123;3.1209756097560977;3.1775609756097563;3.131707317073171;3.1395121951219513;3.0721951219512196;3.1502439024390245;3.1853658536585368;3.1170731707317074;3.1239024390243904;3.1326829268292684;3.1346341463414635;3.1541463414634148;3.184390243902439;3.211707317073171;3.1258536585365855;3.1219512195121952;3.1063414634146342;3.1463414634146343;3.1258536585365855;3.1775609756097563;3.135609756097561;3.180487804878049;3.1034146341463416;3.1463609756097566
4150;3.1334939759036144;3.113253012048193;3.127710843373494;3.1460240963855424;3.1383132530120483;3.1412048192771085;3.1672289156626507;3.168192771084337;3.154698795180723;3.1248192771084335;3.1392771084337348;3.1306024096385543;3.165301204819277;3.113253012048193;3.149879518072289;3.1209638554216865;3.162409638554217;3.185542168674699;3.154698795180723;3.108433734939759;3.1334939759036144;3.1325301204819276;3.166265060240964;3.1392771084337348;3.1325301204819276;3.1672289156626507;3.169156626506024;3.150843373493976;3.1209638554216865;3.173012048192771;3.157590361445783;3.172048192771084;3.146987951807229;3.162409638554217;3.1865060240963854;3.1151807228915662;3.1450602409638555;3.1065060240963853;3.1412048192771085;3.1267469879518073;3.1479518072289157;3.131566265060241;3.146987951807229;3.173975903614458;3.1556626506024097;3.1595180722891567;3.162409638554217;3.1826506024096384;3.1604819277108436;3.1440963855421686;3.147122891566265
4200;3.1266666666666665;3.1619047619047618;3.156190476190476;3.164761904761905;3.1276190476190475;3.123809523809524;3.119047619047619;3.123809523809524;3.156190476190476;3.125714285714286;3.1295238095238096;3.1285714285714286;3.1342857142857143;3.1095238095238096;3.1095238095238096;3.1152380952380954;3.105714285714286;3.1923809523809523;3.1514285714285712;3.1228571428571428;3.124761904761905;3.0876190476190475;3.140952380952381;3.159047619047619;3.1066666666666665;3.14;3.103809523809524;3.1314285714285712;3.199047619047619;3.1085714285714285;3.1542857142857144;3.1914285714285713;3.1304761904761906;3.1466666666666665;3.1276190476190475;3.163809523809524;3.1342857142857143;3.1695238095238096;3.144761904761905;3.1161904761904764;3.1152380952380954;3.1266666666666665;3.1514285714285712;3.139047619047619;3.136190476190476;3.140952380952381;3.118095238095238;3.099047619047619;3.218095238095238;3.1466666666666665;3.1371428571428566
4250;3.152941176470588;3.1774117647058824;3.1896470588235295;3.1322352941176472;3.1623529411764704;3.152941176470588;3.1322352941176472;3.117176470588235;3.152;3.1181176470588237;3.1350588235294117;3.1388235294117646;3.084235294117647;3.0983529411764708;3.159529411764706;3.152;3.1538823529411766;3.12;3.1501176470588237;3.0832941176470587;3.123764705882353;3.094588235294118;3.101176470588235;3.1190588235294117;3.1294117647058823;3.1576470588235295;3.144470588235294;3.104;3.156705882352941;3.1868235294117646;3.1708235294117646;3.1256470588235294;3.136;3.143529411764706;3.179294117647059;3.136;3.1614117647058824;3.1190588235294117;3.1350588235294117;3.208470588235294;3.1745882352941175;3.176470588235294;3.175529411764706;3.146352941176471;3.163294117647059;3.143529411764706;3.1134117647058823;3.147294117647059;3.147294117647059;3.1454117647058824;3.1425694117647054
4300;3.1609302325581394;3.1590697674418604;3.1209302325581394;3.1116279069767443;3.132093023255814;3.144186046511628;3.1413953488372095;3.16;3.146046511627907;3.1609302325581394;3.1348837209302327;3.1367441860465117;3.137674418604651;3.147906976744186;3.1925581395348837;3.167441860465116;3.146046511627907;3.1432558139534885;3.0986046511627907;3.125581395348837;3.135813953488372;3.085581395348837;3.116279069767442;3.146046511627907;3.137674418604651;3.116279069767442;3.1432558139534885;3.173953488372093;3.090232558139535;3.1116279069767443;3.1627906976744184;3.1730232558139533;3.147906976744186;3.1413953488372095;3.135813953488372;3.147906976744186;3.1134883720930233;3.1079069767441863;3.1209302325581394;3.1386046511627907;3.1525581395348836;3.1311627906976742;3.1311627906976742;3.133953488372093;3.1404651162790698;3.177674418604651;3.1627906976744184;3.1404651162790698;3.125581395348837;3.130232558139535;3.138809302325582
4350;3.1144827586206896;3.152183908045977;3.1641379310344826;3.1586206896551725;3.1457471264367816;3.1319540229885057;3.1632183908045977;3.1577011494252876;3.138390804597701;3.1751724137931037;3.165977011494253;3.1503448275862067;3.12;3.1494252873563218;3.11816091954023;3.11816091954023;3.11816091954023;3.1558620689655172;3.170574712643678;3.1604597701149424;3.139310344827586;3.1604597701149424;3.1310344827586207;3.133793103448276;3.1549425287356323;3.1429885057471263;3.1558620689655172;3.136551724137931;3.086896551724138;3.1595402298850574;3.135632183908046;3.1577011494252876;3.1871264367816092;3.156781609195402;3.152183908045977;3.108045977011494;3.1448275862068966;3.154022988505747;3.1439080459770117;3.152183908045977;3.117241379310345;3.1448275862068966;3.12;3.156781609195402;3.130114942528736;3.1632183908045977;3.185287356321839;3.147586206896552;3.202758620689655;3.12551724137931;3.146317241379311
4400;3.151818181818182;3.1254545454545455;3.191818181818182;3.1072727272727274;3.1854545454545455;3.0954545454545452;3.1227272727272726;3.1645454545454546;3.18;3.138181818181818;3.078181818181818;3.158181818181818;3.1027272727272726;3.18;3.17;3.1345454545454547;3.168181818181818;3.1272727272727274;3.1463636363636365;3.1645454545454546;3.1863636363636365;3.118181818181818;3.080909090909091;3.153636363636364;3.1636363636363636;3.1081818181818184;3.0927272727272728;3.19;3.1554545454545453;3.1445454545454545;3.090909090909091;3.1472727272727274;3.1427272727272726;3.132727272727273;3.199090909090909;3.140909090909091;3.1554545454545453;3.110909090909091;3.1463636363636365;3.1354545454545453;3.178181818181818;3.149090909090909;3.15;3.178181818181818;3.1263636363636365;3.1254545454545455;3.131818181818182;3.1336363636363638;3.1345454545454547;3.12;3.1423090909090905
4450;3.1523595505617976;3.143370786516854;3.1182022471910114;3.0840449438202246;3.1586516853932585;3.129887640449438;3.14876404494382;3.1047191011235955;3.138876404494382;3.1613483146067414;3.160449438202247;3.127191011235955;3.0903370786516855;3.1208988764044943;3.138876404494382;3.1595505617977526;3.160449438202247;3.140674157303371;3.1262921348314605;3.143370786516854;3.1748314606741572;3.136179775280899;3.1802247191011235;3.1397752808988764;3.147865168539326;3.1784269662921347;3.169438202247191;3.1424719101123597;3.128988764044944;3.173932584269663;3.1442696629213485;3.1262921348314605;3.1865168539325843;3.166741573033708;3.1370786516853935;3.1208988764044943;3.1730337078651685;3.1137078651685393;3.1280898876404493;3.1119101123595505;3.1514606741573035;3.1253932584269664;3.173932584269663;3.195505617977528;3.1568539325842697;3.129887640449438;3.1208988764044943;3.1649438202247193;3.1370786516853935;3.129887640449438;3.143496629213482
4500;3.12;3.1573333333333333;3.1733333333333333;3.2026666666666666;3.152888888888889;3.1644444444444444;3.1875555555555555;3.1777777777777776;3.1093333333333333;3.1226666666666665;3.1742222222222223;3.184888888888889;3.1484444444444444;3.1626666666666665;3.1253333333333333;3.1546666666666665;3.1573333333333333;3.1555555555555554;3.1315555555555554;3.2168888888888887;3.1724444444444444;3.1386666666666665;3.1697777777777776;3.16;3.1262222222222222;3.1484444444444444;3.2035555555555555;3.1093333333333333;3.16;3.160888888888889;3.0924444444444443;3.103111111111111;3.105777777777778;3.1475555555555554;3.1253333333333333;3.1733333333333333;3.1413333333333333;3.1164444444444444;3.1546666666666665;3.1084444444444443;3.1324444444444444;3.168;3.1555555555555554;3.121777777777778;3.1182222222222222;3.120888888888889;3.105777777777778;3.111111111111111;3.128;3.160888888888889;3.1463999999999994
4550;3.093626373626374;3.1375824175824176;3.141978021978022;3.1384615384615384;3.1534065934065936;3.165714285714286;3.1534065934065936;3.1463736263736264;3.139340659340659;3.1454945054945056;3.1674725274725275;3.170989010989011;3.134945054945055;3.155164835164835;3.147252747252747;3.1191208791208793;3.1384615384615384;3.169230769230769;3.12;3.136703296703297;3.139340659340659;3.1156043956043957;3.1753846153846155;3.0795604395604395;3.1164835164835165;3.165714285714286;3.1252747252747253;3.1437362637362636;3.14989010989011;3.1076923076923078;3.1296703296703297;3.114725274725275;3.11032967032967;3.1727472527472527;3.1173626373626373;3.114725274725275;3.1305494505494504;3.1437362637362636;3.134065934065934;3.1674725274725275;3.1402197802197804;3.126153846153846;3.142857142857143;3.1094505494505493;3.185054945054945;3.1437362637362636;3.139340659340659;3.14989010989011;3.1032967032967034;3.114725274725275;3.13767032967033
4600;3.148695652173913;3.1443478260869564;3.1608695652173915;3.1121739130434785;3.1121739130434785;3.1243478260869564;3.121739130434783;3.1478260869565218;3.128695652173913;3.1478260869565218;3.126086956521739;3.1443478260869564;3.146086956521739;3.161739130434783;3.188695652173913;3.174782608695652;3.1408695652173915;3.1443478260869564;3.1608695652173915;3.1452173913043477;3.1582608695652175;3.1139130434782607;3.123478260869565;3.1565217391304348;3.1382608695652174;3.1182608695652174;3.152173913043478;3.1078260869565217;3.1243478260869564;3.1739130434782608;3.146086956521739;3.126086956521739;3.1191304347826088;3.1165217391304347;3.1478260869565218;3.1321739130434785;3.1330434782608694;3.154782608695652;3.185217391304348;3.1165217391304347;3.137391304347826;3.161739130434783;3.1956521739130435;3.1226086956521737;3.1252173913043477;3.1452173913043477;3.1452173913043477;3.141739130434783;3.12;3.1382608695652174;3.1411826086956522
4650;3.1621505376344086;3.1354838709677417;3.127741935483871;3.1638709677419357;3.204301075268817;3.1595698924731184;3.1217204301075268;3.1870967741935483;3.115698924731183;3.1070967741935482;3.149247311827957;3.110537634408602;3.1638709677419357;3.12;3.1423655913978497;3.115698924731183;3.170752688172043;3.1681720430107525;3.1380645161290324;3.181935483870968;3.1363440860215053;3.1423655913978497;3.182795698924731;3.150967741935484;3.1621505376344086;3.1113978494623655;3.1483870967741936;3.161290322580645;3.158709677419355;3.0855913978494622;3.174193548387097;3.1406451612903226;3.1501075268817202;3.1638709677419357;3.126021505376344;3.1406451612903226;3.1148387096774193;3.153548387096774;3.17247311827957;3.150967741935484;3.1638709677419357;3.1113978494623655;3.1440860215053763;3.1243010752688174;3.141505376344086;3.139784946236559;3.1406451612903226;3.1458064516129034;3.137204301075269;3.1191397849462366;3.1448086021505386
4700;3.137021276595745;3.137872340425532;3.148936170212766;3.1472340425531913;3.108936170212766;3.188936170212766;3.106382978723404;3.1446808510638298;3.1293617021276594;3.155744680851064;3.1651063829787236;3.1540425531914895;3.134468085106383;3.177021276595745;3.177021276595745;3.1523404255319147;3.1514893617021276;3.17531914893617;3.09531914893617;3.185531914893617;3.1319148936170214;3.177872340425532;3.18468085106383;3.1514893617021276;3.178723404255319;3.195744680851064;3.1506382978723404;3.12;3.1710638297872342;3.1438297872340426;3.18468085106383;3.1046808510638297;3.1702127659574466;3.1285106382978722;3.090212765957447;3.1540425531914895;3.148085106382979;3.157446808510638;3.16;3.1361702127659576;3.1540425531914895;3.1659574468085108;3.1497872340425532;3.1072340425531917;3.1582978723404254;3.127659574468085;3.1429787234042554;3.1131914893617023;3.1259574468085107;3.1208510638297873;3.1475744680851063
4750;3.1477894736842105;3.1418947368421053;3.126736842105263;3.1402105263157893;3.1258947368421053;3.1637894736842105;3.132631578947368;3.1242105263157893;3.0997894736842104;3.119157894736842;3.128421052631579;3.1494736842105264;3.138526315789474;3.142736842105263;3.1435789473684213;3.1713684210526316;3.1595789473684213;3.1477894736842105;3.1570526315789476;3.1216842105263156;3.183157894736842;3.1722105263157894;3.1376842105263156;3.1418947368421053;3.184842105263158;3.1376842105263156;3.0997894736842104;3.130105263157895;3.128421052631579;3.118315789473684;3.136842105263158;3.1334736842105264;3.1452631578947368;3.1452631578947368;3.118315789473684;3.0997894736842104;3.111578947368421;3.1814736842105265;3.110736842105263;3.168;3.170526315789474;3.1376842105263156;3.098105263157895;3.119157894736842;3.110736842105263;3.1402105263157893;3.128421052631579;3.184842105263158;3.2016842105263157;3.154526315789474;3.1402610526315793
4800;3.1308333333333334;3.1;3.1308333333333334;3.1366666666666667;3.1016666666666666;3.145;3.1616666666666666;3.1416666666666666;3.154166666666667;3.1575;3.1425;3.1175;3.1016666666666666;3.151666666666667;3.145;3.1591666666666667;3.1308333333333334;3.095833333333333;3.13;3.118333333333333;3.1308333333333334;3.1375;3.145;3.1041666666666665;3.1283333333333334;3.180833333333333;3.1416666666666666;3.1308333333333334;3.1166666666666667;3.1416666666666666;3.1333333333333333;3.1391666666666667;3.1341666666666668;3.1625;3.1225;3.1375;3.1066666666666665;3.1475;3.1758333333333333;3.1416666666666666;3.1466666666666665;3.1508333333333334;3.1425;3.118333333333333;3.16;3.1;3.1216666666666666;3.1216666666666666;3.1308333333333334;3.1258333333333335;3.1345833333333335
4850;3.153814432989691;3.151340206185567;3.1084536082474226;3.153814432989691;3.096082474226804;3.1257731958762887;3.1241237113402063;3.1810309278350517;3.127422680412371;3.1373195876288658;3.1529896907216495;3.1175257731958763;3.147216494845361;3.1488659793814433;3.1752577319587627;3.1604123711340204;3.134020618556701;3.168659793814433;3.2024742268041235;3.131546391752577;3.1463917525773195;3.1637113402061856;3.1876288659793817;3.138144329896907;3.1331958762886596;3.1711340206185565;3.1505154639175257;3.1529896907216495;3.148041237113402;3.096082474226804;3.1216494845360825;3.102680412371134;3.148041237113402;3.123298969072165;3.1356701030927834;3.185979381443299;3.157938144329897;3.102680412371134;3.1348453608247424;3.1216494845360825;3.1183505154639177;3.1150515463917525;3.151340206185567;3.1249484536082472;3.1117525773195878;3.1810309278350517;3.127422680412371;3.122474226804124;3.1323711340206186;3.1884536082474226;3.141872164948454
4900;3.1297959183673467;3.128979591836735;3.195918367346939;3.166530612244898;3.1085714285714285;3.1681632653061222;3.149387755102041;3.1281632653061227;3.128979591836735;3.1387755102040815;3.116734693877551;3.149387755102041;3.1183673469387756;3.1322448979591835;3.119183673469388;3.173877551020408;3.1477551020408163;3.155918367346939;3.173877551020408;3.163265306122449;3.0751020408163265;3.149387755102041;3.1616326530612247;3.146122448979592;3.1689795918367345;3.1110204081632653;3.113469387755102;3.146938775510204;3.1216326530612246;3.1240816326530614;3.1412244897959183;3.140408163265306;3.156734693877551;3.110204081632653;3.149387755102041;3.159183673469388;3.119183673469388;3.1240816326530614;3.1175510204081633;3.1346938775510202;3.1175510204081633;3.1240816326530614;3.1551020408163266;3.1208163265306124;3.1518367346938776;3.116734693877551;3.1314285714285712;3.1363265306122448;3.1616326530612247;3.082448979591837;3.1372571428571434
4950;3.12969696969697;3.157979797979798;3.148282828282828;3.139393939393939;3.1498989898989898;3.1361616161616164;3.1644444444444444;3.1806060606060607;3.1345454545454547;3.1587878787878787;3.1676767676767676;3.178181818181818;3.1434343434343432;3.112727272727273;3.137777777777778;3.1054545454545455;3.1280808080808082;3.107070707070707;3.1684848484848485;3.1280808080808082;3.111111111111111;3.1313131313131315;3.165252525252525;3.141010101010101;3.1507070707070706;3.12969696969697;3.183030303030303;3.115959595959596;3.136969696969697;3.1305050505050507;3.1587878787878787;3.133737373737374;3.0957575757575757;3.1644444444444444;3.1353535353535356;3.187878787878788;3.1466666666666665;3.1466666666666665;3.1563636363636363;3.139393939393939;3.1216161616161617;3.1563636363636363;3.124040404040404;3.132929292929293;3.1733333333333333;3.1094949494949495;3.1232323232323234;3.166060606060606;3.111111111111111;3.1676767676767676;3.142464646464647
5000;3.132;3.128;3.14;3.1288;3.1336;3.148;3.144;3.1184;3.1048;3.1608;3.1608;3.1128;3.1312;3.1728;3.1608;3.1208;3.0856;3.1128;3.1352;3.1816;3.1568;3.1504;3.1752;3.1552;3.1504;3.1416;3.1432;3.1224;3.132;3.1112;3.1576;3.1264;3.1552;3.1376;3.1576;3.148;3.1808;3.1088;3.1144;3.1384;3.1176;3.1536;3.1744;3.1376;3.1728;3.1264;3.1304;3.1432;3.1464;3.156;3.140688000000001
